1755805209213 , D546DF97-4757-47EF-BE09-3E2DCBDD0C77 , -84
1755805209259 , FDA50693-A4E2-4FB1-AFCF-C6EB07647825 , -74
